00000000000000000000000000000000
01111111111111111112111000000000
00011211111111111102111000000000
11111121111111111112111000000000
00011211111001111112111000000000
01011111110000111111211000000000
01000011111111111111211000000000
01000011111113111111111000000000
00011111111111111211111000000000
22222111311111111211111000000000
21112111121112111222222200000000
21312111112221111111111000000000
21112131111011101111211000000000
22111111131031111111111000000000
02111111111111101111211000000000
01221111111111111111111000000000
01111111101111011111211000000000
01111111111111111110000000000000
00000111111111111000000000000000
00000011111111111110000000000000